6.0827625302982 3.1622776601684 3 6.0827625302982 5.6568542494924 7.0710678118655 8.4852813742386 7.8102496759067 7.211102550928 6.7082039324994 6.3245553203368 6.0827625302982 6 6.0827625302982 6.3245553203368 6.7082039324994 7.0710678118655 10 8.5440037453175 
6.3245553203368 3.605551275464 3.1622776601684 6 5 6.4031242374328 7.8102496759067 7.0710678118655 6.4031242374328 5.8309518948453 5.3851648071345 5.0990195135928 5 5.0990195135928 5.3851648071345 5.8309518948453 6.0827625302982 9.2195444572929 7.6157731058639 
6.7082039324994 4.2426406871193 3.605551275464 6.0827625302982 4.4721359549996 5.8309518948453 7.211102550928 6.4031242374328 5.6568542494924 5 4.4721359549996 4.1231056256177 4 4.1231056256177 4.4721359549996 5 5.0990195135928 8.4852813742386 6.7082039324994 
7.211102550928 5 4.2426406871193 6.3245553203368 4.1231056256177 5.3851648071345 6.7082039324994 5.8309518948453 5 4.2426406871193 3.605551275464 3.1622776601684 3 3.1622776601684 3.605551275464 4.2426406871193 4.1231056256177 7.8102496759067 5.8309518948453 
7.8102496759067 5.8309518948453 5 6.7082039324994 4 5.0990195135928 6.3245553203368 5.3851648071345 4.4721359549996 3.605551275464 2.8284271247462 2.2360679774998 2 2.2360679774998 2.8284271247462 3.605551275464 3.1622776601684 7.211102550928 5 
8.6023252670426 5.3851648071345 4.4721359549996 7.6157731058639 5 6.0827625302982 7.2801098892805 6.3245553203368 5.3851648071345 4.4721359549996 3.605551275464 2.8284271247462 2.2360679774998 2 2.2360679774998 2.8284271247462 3.605551275464 8.0622577482985 4.4721359549996 
9.4339811320566 5.0990195135928 4.1231056256177 8.5440037453175 6 7.0710678118655 8.2462112512353 7.2801098892805 6.3245553203368 5.3851648071345 4.4721359549996 3.605551275464 2.8284271247462 2.2360679774998 2 2.2360679774998 4.2426406871193 8.9442719099992 4.1231056256177 
10.295630140987 5 4 9.4868329805051 7 8.0622577482985 9.2195444572929 8.2462112512353 7.2801098892805 6.3245553203368 5.3851648071345 4.4721359549996 3.605551275464 2.8284271247462 2.2360679774998 2 5 9.8488578017961 4 
10.295630140987 5 4 9.4868329805051 7 8.0622577482985 9.2195444572929 8.2462112512353 7.2801098892805 6.3245553203368 5.3851648071345 4.4721359549996 3.605551275464 2.8284271247462 2.2360679774998 2 5 9.8488578017961 4 
9.4339811320566 5.0990195135928 4.1231056256177 8.5440037453175 6 7.0710678118655 8.2462112512353 7.2801098892805 6.3245553203368 5.3851648071345 4.4721359549996 3.605551275464 2.8284271247462 2.2360679774998 2 2.2360679774998 4.2426406871193 8.9442719099992 4.1231056256177 
8.6023252670426 5.3851648071345 4.4721359549996 7.6157731058639 5 6.0827625302982 7.2801098892805 6.3245553203368 5.3851648071345 4.4721359549996 3.605551275464 2.8284271247462 2.2360679774998 2 2.2360679774998 2.8284271247462 3.605551275464 8.0622577482985 4.4721359549996 
7.8102496759067 5.8309518948453 5 6.7082039324994 4 5.0990195135928 6.3245553203368 5.3851648071345 4.4721359549996 3.605551275464 2.8284271247462 2.2360679774998 2 2.2360679774998 2.8284271247462 3.605551275464 3.1622776601684 7.211102550928 5 
7.0710678118655 6.4031242374328 5.6568542494924 5.8309518948453 3 4.1231056256177 5.3851648071345 4.4721359549996 3.605551275464 2.8284271247462 2.2360679774998 2 2.2360679774998 2.8284271247462 3.605551275464 4.4721359549996 3 6.4031242374328 5.6568542494924 
6.4031242374328 7.0710678118655 6.4031242374328 5 2 3.1622776601684 4.4721359549996 3.605551275464 2.8284271247462 2.2360679774998 2 2.2360679774998 2.8284271247462 3.605551275464 4.4721359549996 5.3851648071345 3.1622776601684 5.6568542494924 6.4031242374328 
5.8309518948453 7.8102496759067 7.211102550928 4.2426406871193 1 2.2360679774998 3.605551275464 2.8284271247462 2.2360679774998 2 2.2360679774998 2.8284271247462 3.605551275464 4.4721359549996 5.3851648071345 6.3245553203368 3.605551275464 5 7.211102550928 
5.3851648071345 8.6023252670426 8.0622577482985 3.605551275464 0 1.4142135623731 2.8284271247462 2.2360679774998 2 2.2360679774998 2.8284271247462 3.605551275464 4.4721359549996 5.3851648071345 6.3245553203368 7.2801098892805 4.2426406871193 4.4721359549996 8.0622577482985 
5.3851648071345 8.6023252670426 8.0622577482985 3.605551275464 0 1.4142135623731 2.8284271247462 2.2360679774998 2 2.2360679774998 2.8284271247462 3.605551275464 4.4721359549996 5.3851648071345 6.3245553203368 7.2801098892805 4.2426406871193 4.4721359549996 8.0622577482985 
5.0990195135928 9.4339811320566 8.9442719099992 3.1622776601684 1 1 2.2360679774998 2 2.2360679774998 2.8284271247462 3.605551275464 4.4721359549996 5.3851648071345 6.3245553203368 7.2801098892805 8.2462112512353 5 4.1231056256177 8.9442719099992 
6.0827625302982 10 9.4339811320566 4.1231056256177 1.4142135623731 0 1.4142135623731 1 1.4142135623731 2.2360679774998 3.1622776601684 4.1231056256177 5.0990195135928 6.0827625302982 7.0710678118655 8.0622577482985 4.4721359549996 3.1622776601684 8.5440037453175 
7.0710678118655 10.630145812735 10 5.0990195135928 2.2360679774998 1 1 0 1 2 3 4 5 6 7 8 4.1231056256177 2.2360679774998 8.2462112512353 
8.0622577482985 11.313708498985 10.630145812735 6.0827625302982 3.1622776601684 2 1.4142135623731 1 1.4142135623731 2.2360679774998 3.1622776601684 4.1231056256177 5.0990195135928 6.0827625302982 7.0710678118655 8.0622577482985 4 1.4142135623731 8.0622577482985 
8.0622577482985 11.313708498985 10.630145812735 6.0827625302982 3.1622776601684 2 1.4142135623731 1 1.4142135623731 2.2360679774998 3.1622776601684 4.1231056256177 5.0990195135928 6.0827625302982 7.0710678118655 8.0622577482985 4 1.4142135623731 8.0622577482985 
9.0553851381374 12.041594578792 11.313708498985 7.0710678118655 4.1231056256177 3 2.2360679774998 2 2.2360679774998 2.8284271247462 3.605551275464 4.4721359549996 5.3851648071345 6.3245553203368 7.2801098892805 8.2462112512353 4.1231056256177 1 8 
9 12.727922061358 12.041594578792 7 4.4721359549996 3.1622776601684 2 2.2360679774998 2.8284271247462 3.605551275464 4.4721359549996 5.3851648071345 6.3245553203368 7.2801098892805 8.2462112512353 9.2195444572929 5.0990195135928 0 9 
